%YAML:1.0
---
K: !!opencv-matrix
   rows: 3
   cols: 3
   dt: d
   data: [ 8.0432256810541185e+02, 0., 7.0893915234455210e+02, 0.,
       8.0984727591388514e+02, 5.3356722740645932e+02, 0., 0., 1. ]
D: !!opencv-matrix
   rows: 1
   cols: 5
   dt: d
   data: [ -4.1153564989754715e-01, 1.8522978132142678e-01,
       -4.5329906143918375e-03, 1.1323853816064440e-03,
       -4.6230656144790258e-02 ]
