%YAML:1.0
---
K: !!opencv-matrix
   rows: 3
   cols: 3
   dt: d
   data: [ 7.8872470493872402e+02, 0., 6.9932945453469279e+02, 0.,
       7.9472715051273428e+02, 5.6692531697588277e+02, 0., 0., 1. ]
D: !!opencv-matrix
   rows: 1
   cols: 5
   dt: d
   data: [ -3.9966223620231317e-01, 1.7616314917314674e-01,
       -9.1915770640661806e-03, -1.0089684709322963e-03,
       -4.5434652294569590e-02 ]
