%YAML:1.0
---
K1: !!opencv-matrix
   rows: 3
   cols: 3
   dt: d
   data: [ 4.6610497056980790e+02, 0., 6.9844637702126067e+02, 0.,
       4.6516385286435587e+02, 5.2365874553407298e+02, 0., 0., 1. ]
D1: !!opencv-matrix
   rows: 1
   cols: 5
   dt: d
   data: [ 2.0047067189778774e-02, -3.2779786889448603e-02,
       -2.1633089403291128e-03, 1.5502997112169217e-03,
       5.7355759501093659e-03 ]
K2: !!opencv-matrix
   rows: 3
   cols: 3
   dt: d
   data: [ 4.8314961789170991e+02, 0., 6.9490385102146229e+02, 0.,
       4.8090948048365800e+02, 5.1687730909018012e+02, 0., 0., 1. ]
D2: !!opencv-matrix
   rows: 1
   cols: 5
   dt: d
   data: [ 1.8088029290930400e-02, -3.5419983934646342e-02,
       -1.7576288783130432e-03, 1.3712539275932314e-03,
       6.3808703709944273e-03 ]
R: !!opencv-matrix
   rows: 3
   cols: 3
   dt: d
   data: [ 9.9995264084085733e-01, 3.4208482388920413e-03,
       9.1111949118611191e-03, -3.5436756720764254e-03,
       9.9990260380418305e-01, 1.3499083981741404e-02,
       -9.0641291984717657e-03, -1.3530731796227538e-02,
       9.9986737163432426e-01 ]
T: !!opencv-matrix
   rows: 3
   cols: 1
   dt: d
   data: [ -7.3258366575530943e+01, -9.9705106163576296e-01,
       1.6415163867420858e+01 ]
E: !!opencv-matrix
   rows: 3
   cols: 3
   dt: d
   data: [ 6.7207416490267263e-02, -1.6400074262404321e+01,
       -1.2185085000033242e+00, 1.5750363159553290e+01,
       -9.3508552555623825e-01, 7.3398212195606163e+01,
       1.2566077335456274e+00, -7.3247820728946436e+01,
       -9.7983651620864809e-01 ]
F: !!opencv-matrix
   rows: 3
   cols: 3
   dt: d
   data: [ 1.0403935948237324e-06, -2.5439235666513979e-04,
       1.2369602025099494e-01, 2.4495671106935742e-04,
       -1.4572292507380498e-05, 3.6861081791903533e-01,
       -1.1793696794475030e-01, -3.6464196340915472e-01, 1. ]
R1: !!opencv-matrix
   rows: 3
   cols: 3
   dt: d
   data: [ 9.7760565148637901e-01, 1.9574299908773990e-02,
       -2.0953290186740051e-01, -1.8205677371633387e-02,
       9.9979848129460114e-01, 8.4587299548424116e-03,
       2.0965625078526115e-01, -4.4546137981110725e-03,
       9.7776500905001573e-01 ]
R2: !!opencv-matrix
   rows: 3
   cols: 3
   dt: d
   data: [ 9.7571721850476034e-01, 1.3279573843124693e-02,
       -2.1863111039346331e-01, -1.4707587154752689e-02,
       9.9987980484797434e-01, -4.9053784015171834e-03,
       2.1853969065920065e-01, 8.0017982804938721e-03,
       9.7579525251502386e-01 ]
P1: !!opencv-matrix
   rows: 3
   cols: 4
   dt: d
   data: [ -1.9518356101917740e+02, 0., 1.0567209033966064e+03, 0., 0.,
       -1.9518356101917740e+02, 4.6812885284423828e+02, 0., 0., 0., 1.,
       0. ]
P2: !!opencv-matrix
   rows: 3
   cols: 4
   dt: d
   data: [ -1.9518356101917740e+02, 0., 1.0567209033966064e+03,
       1.4654685385764409e+04, 0., -1.9518356101917740e+02,
       4.6812885284423828e+02, 0., 0., 0., 1., 0. ]
Q: !!opencv-matrix
   rows: 4
   cols: 4
   dt: d
   data: [ 1., 0., 0., -1.0567209033966064e+03, 0., 1., 0.,
       -4.6812885284423828e+02, 0., 0., 0., -1.9518356101917740e+02, 0.,
       0., 1.3318850311776678e-02, 0. ]